1000000.jpg 1951 22 1817 913 1223 76 913 420 456 76 81 1483 562 1223 913 270 774 577 1483
1000001.jpg 695 2224 894 780 423 1817 1483 633 1532 575 420 146 991 695 372 724 94 205 1701 377
1000002.jpg 1417 1656 6 377 1483 1223 94 423 105 456 1656 518 47 22 377 377 105 558 575 450 577 1656 469 22
1000003.jpg 19 377 894 377 1532 991 562 1817 76 107 1483 73 518 105 991 1223 73 344
1000004.jpg 1223 991 867 456
1000005.jpg 94 105 48 344 894 867 107 689 344 22 73 86 780 695 889 46 107 913 22 423 724 867
1000006.jpg 94 867 577 248 575 2143
1000007.jpg 73 1033 106 242 6 19 139 73 6 1223 1033 344 420
1000008.jpg 105 2224 1223 850 6 469 48 107 456
1000009.jpg 780 111 1223 86 961
1000010.jpg 450 118 105 372 146 19 139 961 1817 456 421 81
1000011.jpg 205 1417 81 94 456 19 1213 555 421
1000012.jpg 469 107 105 6 652 76 81
1000013.jpg 633 1417 106 555 423 46 420 652 48 205 48 86 518 689 991
1000014.jpg 1033 86 1532 73 1483 118 106 1213 86 1033 420 1701 73 991 423 270
1000015.jpg 577 377 456 913 22 555 76 22 139 139 344
1000016.jpg 913 652 2143 456 1532 518 22 850 850 469 456 991 695 577 73 118 377 633 46 562 774 2224 107
1000017.jpg 19 889 22 118 86
1000018.jpg 450 724 76 1817
1000019.jpg 562 22 1213 22 47 205 1483 1223 248 689 105 555 107 107
1000020.jpg 633 2143 377
1000021.jpg 555 961 377 774 377 2224 1417 555 107 689 689 913 469 633 248 111 558 372 377 22 94 450 991
1000022.jpg 205 105 139 86 2224 6 2143 1701 22 2143
1000023.jpg 456 469 1951 47 421 1483
1000024.jpg 372 894 105 1656 991 1951 1213 780 118 1223 850 961 1213 724 6 270 1223 139
1000025.jpg 724 344 248 991 107 695 889 450 894 111 1817 76 146 46 2224 1951 47 73 248 450 107 1532 242 1532 562
1000026.jpg 377 780 76 344 242 86 47 1532 76 139 19 724 344
1000027.jpg 139 558 894 372 1817 774 450 1656 1951 1817 248 889 633 111
1000028.jpg 423 695 1951 47 47 76 1033 558 469 1656 724 450 344 94 205 1033 242 118 724 19 456 270
1000029.jpg 1223 562 633 1213 774 774 118 1817 1951
1000030.jpg 575 562 889 850 81 850 1417 423 1483 48
1000031.jpg 652 107 106 456 1951 46 558 1817 48 47 555 73 450 1532 46 270 205 1656 577 991
1000032.jpg 421 913 242 48 850 1951 86 889 1033 1033 724 372 270 894 562 889 518 423 1033 469 22 344 270
1000033.jpg 1817 248 19 423 562 420 2224 344 248 81 695 118 107
1000034.jpg 1483 344 106 420 81 420 94 774 1213 961 139 1817 774 774 850 450 76
1000035.jpg 106 205 1532 577 562 94 469 555 577 106 421
1000036.jpg 889 86 913
1000037.jpg 867 913 73 575 1817 1417 1951 575 450 518 1417 1223 991 1951 1483 270 1483 562 81 774 22 242 1701
1000038.jpg 695 575 22 689 372 344 242 94 1656 1656 695 695 774 558 558
1000039.jpg 377 248 450 850 420 1223 344 695 774 270 2143 1656 205 81 913 106 456
1000040.jpg 991 139 146 469 47 562 1701 242 456 867 1213
1000041.jpg 105 2224 894 1701 139 111 76 633 633 86 913 105 242 111 248 689 1817 420 774 774 555 991 146 1532
1000042.jpg 81 961 46 456
1000043.jpg 205 146 689 562 1817 19 111 106 889 1223 146 689 689 377 780 19 774 555 205
1000044.jpg 1951 555 106 86 2143 1417 577 107 248 991 724 248 107 242 456 562 1532 518
1000045.jpg 22 81 73 450 562 242 961 889 81 1223 76 1483 6 894 850 139 1483 555
1000046.jpg 652 22 22 118 1033 1532
1000047.jpg 344 850 118
1000048.jpg 889 555 22 913 469 423
1000049.jpg 2143 913 1532 1483 555 1817
1000050.jpg 913 106 1656 633
1000051.jpg 558 94 469 22 73 1817 94 695 372 118 1033 47 867 695 652 724 558 555 724 1817 555 81 111 205 421
1000052.jpg 47 469 961 377 423 652 456 991 562 961 344 575
1000053.jpg 2224 47 248 1483 1223 1213 1417 1417 867 577 555 81 575 270 850 421 76 22 850 1951 118 46 139
1000054.jpg 2224 850 421 1656 1701 1223 1656 913 889 1483 850 867 344 48 22 420 105 469 118
1000055.jpg 913 423 344 344 774 562 450 689 867 106 111 48 344 774 913
1000056.jpg 423 105 518 47 577 46
1000057.jpg 1223 652 562 2224 22 991 76 107 1417 423 991 518 270 774 48 146
1000058.jpg 372 850 562 558 2143 423
1000059.jpg 46 1817 1033 780 1701 423 94 118 48 1483 450 889 242
1000060.jpg 1213 695 1223 76 344 372 2224 106 377 2143 1951 106 1033 6 2143
1000061.jpg 2143 774 76 558 94 562 22 689 1951 469 2143 1033 633 577
1000062.jpg 19 2224 107 111 774 991 1817 377 1483 421 652 73 633 1033 76 420 48
1000063.jpg 724 961 450 19 73 139 242 372 377 19 48 1417 270 850 1033 889 652 1483 780
1000064.jpg 575 850 961 1532 774 450 1223
1000065.jpg 48 1656 6 139 724 94 377 558 867 1656 695 780 1223 577 76 577 575 146 1817
1000066.jpg 86 48 423 555 48 575
1000067.jpg 344 1223 652 991 961 518 107 695 1656 1817 780 558 139 1213 118 81
1000068.jpg 695 118 111 456 850 344 81 450 867 695 146
1000069.jpg 991 1417 991 344 555 695 86 270 372 86 421 76 961 1817 270 19 689 248 242
1000070.jpg 81 107 48 423 689 105 867 575 423 575 118 377 6
1000071.jpg 73 469 1951 48 1656 689 377 558 73 118 689 913 105 1223 724 652 1532 695 1656 913 558 1701 562 106 689
1000072.jpg 1417 1033 456 2224 1532 46
1000073.jpg 1417 1532 48 894 724 562 774 450 106 344 562 562 991 558 456 81 6 577
1000074.jpg 961 518 6 94 450 1033 652 1951 248 81 111 1483 423 1417 850 850 118 689
1000075.jpg 242 469 774 1417 469 2143 47 1033 105 2143 695 94 139 913 372 652 94 689 577
1000076.jpg 6 421 242 423 633 423 94 889 689
1000077.jpg 46 139 850 86 423 1213 94 248 105 633 46 633 961
1000078.jpg 562 48 420 558 420 633 1532 73 1033 6 1223 423 46 270 724 652
1000079.jpg 73 1483 913 139 423 344 913
1000080.jpg 73 562 558 695 2143 991 1817 81 450 555 2224 94 86 456
1000081.jpg 73 1532 2143 1532 423 695 724 1817 558 81 518 139 1532 724 889 94 518 111 420 1483 421 867 450
1000082.jpg 6 695 562 47 372 2143 518 774 1817 46 2224 961 555 94 2224 22 94 1033 2143 48 633 6
1000083.jpg 2143 270 850 867 518 558 575 73 377 86 344 86 146 850 850 1483 1223 377 1701 205 2143 205 1656 1483
1000084.jpg 118 48 106
1000085.jpg 889 469 48 1656 780 2143 633 774 1532 1033 81 106 1033 913 894 420 695 19 111 1483 423 105 421 518
1000086.jpg 780 774 894 205 894 913 1417 344 558
1000087.jpg 774 469 372 1223 456 633 774 577 450 1033 242 724 2143 105
1000088.jpg 94 633 555 377 106
1000089.jpg 6 48 86 469 205 1417 575 894 652 1532 961 105 76 689 46 205 1656 6 456 889 46 450 695 76
1000090.jpg 2224 372 421 139 2143 652 450 2143 73 894 6
1000091.jpg 991 47 111 1223 118 205 562 76 562 991 94 248 1223 991 6 1532 652 1483 913 1532 889 94
1000092.jpg 889 107 242 894 1417 2224 913 2143 105 689 633 2224 689 1223 562 377 1532 94 1532 633 1033 695 652 377 518
1000093.jpg 450 81 780 420 205 73
1000094.jpg 724 47 270 47 22 76 689 139 1033 724 344 562 894 961 344 248 344 205 774 562 1213 81 1223 961
1000095.jpg 81 73 139 633 780 961 248 2224 689 913 518
1000096.jpg 19 724 270 867 344
1000097.jpg 106 1483 991 47 1417 867 652 2143 377 73 270 518 456 1951 107 1417 774 724
1000098.jpg 2224 456 47 420 2224
1000099.jpg 19 577 894 577 1417 850 94 1817 48 111 47 205 6 991 46 107 118 270 652 81 270 22 1656 421
1000100.jpg 242 48 913 1223 1483 6 46 695 94 205 1223 377 774 555 961 146 913 1223 894 850
1000101.jpg 780 242 1033 774 2143 344 377 118 867 1817 1532 689 19 456 118
1000102.jpg 242 850 867 46 1033 421 139 2224 558 724 1701 270 555 575 780 47 1033 991 118 867
1000103.jpg 48 913 81 555 105 577 1656 1213 372 518 205 850 518 450 724 372 111
1000104.jpg 73 450 6 695 48 894 146 106 106 19 105 1033 695 1213 774 46
1000105.jpg 774 107 1223 1951 913 48 423 107 248 421
1000106.jpg 724 1532 270 139 1417 1213 377 469 1701 913 242 577 81 111 81 850 48 456
1000107.jpg 867 518 518 577 1213 106 377 867 420 377 81 2224 575 450 146 889 81 724 2143 450 6 695
1000108.jpg 575 2224 1213 106 633 1223 1417 76 344 894 86 724 86 94 961 421 774 421 695
1000109.jpg 377 1532 889 76 469 1033 633 695 894
1000110.jpg 1951 1483 372 248 2143
1000111.jpg 1532 469 652 105 270 961 146 19 991
1000112.jpg 344 372 689 111 913 139 1951 450 1223 774 2143 270 562 86 850 105 652 106 724
1000113.jpg 991 107 1483 372 867 22 420 1417 1951 575 372
1000114.jpg 913 73 146 377 377 76 913 913 205 106 344 867 894 724 562 577 1417 1483 555 575 469 146
1000115.jpg 81 450 867 867 1951 94 577 344 1817 1817 107 1701 633 377 2143 575
1000116.jpg 456 47 248 19 1701 780 1951 423 111 1417 242 205 139 1532 19 344 562 22 94 47
1000117.jpg 1417 423 420 106 689 1951 1483 558 106
1000118.jpg 105 867 118 139
1000119.jpg 850 850 47 894 456 205 6 894 377 894 456 377 242 577 1532 344 76
1000120.jpg 344 913 106 780 889 1213 86 2143 1701 689 456 377 450 1033 1532
1000121.jpg 76 774 450 555 139 1701 991 372 1656 1033 961 1483 146 270 111 146 1213 48 633 558 889
1000122.jpg 73 867 2143 555 850 961 774 1213
1000123.jpg 1532 1033 73 421 139
1000124.jpg 1701 76 577 991 633 850 19 1532 633 106 205 344 575 248 105
1000125.jpg 469 242 48 1033 695 47 270 450 724 118 780 19 456
1000126.jpg 1817 2143 867 577 139 1033 146 652
1000127.jpg 558 146 555 575 105 19 46 248 961 242 242 913 1483 111 2224 205 558 242
1000128.jpg 774 111 894 105 913 86 81 518 81 46 1213 1951 248 47 420 118 111 105 991
1000129.jpg 94 22 577 423 695 94 1417 558
1000130.jpg 894 1951 575 46 1951 111 1417 1656 86 558 106 456 421 377 1223 450
1000131.jpg 562 469 1223 913 19 22 695 47 456 1033 270
1000132.jpg 377 146 344 1213 146 518 242 558 106 913 456
1000133.jpg 420 372 94 867 146
1000134.jpg 372 421 2143 1817 575 555 19 850 1033 456 1033 48 724 456 1817 558 850 423 1701 270 689 780 242
1000135.jpg 48 344 961 48 421 46 94 242 22 139 1483 518 695 689 377 894 107 633
1000136.jpg 205 913 889 139 48 107 575
1000137.jpg 652 73 1223 1213 6 1213 205 2224 118 652 562 1417 633 421 1951 961 2224 48 270 689 961 111 724 86 205
1000138.jpg 577 1656 423 1033 118 774 270 913 555 1417 248 961 1033 22 6 1213
1000139.jpg 248 913 420 456 106 73 111 555 76 633 76 558 146 724 1033 1656 139 780 1817 889 652
1000140.jpg 991 889 695 107 76 1033 1532 377 562 111 867 423 76 106 633 76 1701 76 423 73 913 118 889 555
1000141.jpg 248 73 894 47 22 372 774 961
1000142.jpg 724 689 94 652 1951 456 575 248 689 1817 1033 780 518 118 991 558 695
1000143.jpg 248 105 652 456 146
1000144.jpg 518 22 1417 889
1000145.jpg 270 46 961 724 1951 421 2143 423 850 139 81 248 377 1483 894 107 1223 377 961 372 456 456
1000146.jpg 146 780 469 555 86 1532 46 961 81 81 6 146 19 1417 689 48 1483 652
1000147.jpg 469 894 867 205 695 344 139 76
1000148.jpg 633 469 1532 248 94 469 1817 1033 850 248 118 94 1656 575 48
1000149.jpg 562 2224 518 518 48 2143
1000150.jpg 577 575 423 205 1656 344 850 850 19 377 106 894 633 372 1033 575 450 47 724 372 139 894 2224 1483 372
1000151.jpg 558 377 420 889 518 46 1701 22 518 577 421 991 111 724 1213 106 575 2224 889
1000152.jpg 850 724 372 724 377 146 94 76 724 850 270 76 894 991 106 107 105
1000153.jpg 377 991 894 423 270 139 633 991 1951 81 94 118 146 913 894 562 46 633 270 146 1213 270
1000154.jpg 76 421 73 248
1000155.jpg 913 205 1817 469 867
1000156.jpg 1213 205 46 1033 1417 867 1417
1000157.jpg 86 867 205 867 774 991
1000158.jpg 894 562 248 2143 420 139 94 205 105
1000159.jpg 695 652 1033 1417
1000160.jpg 450 81 1223 377 1817 780 106 19 81 1701 1223 850 780
1000161.jpg 1817 867 850 577 961 76 1656 562 139
1000162.jpg 913 48 111 780 689 1417
1000163.jpg 894 991 518 111 105 421 270 558 633 420
1000164.jpg 420 555 46 106 22 913 689 372 1532 1033 991 1532 19 205 991 689 139 81
1000165.jpg 774 205 1817
1000166.jpg 46 76 991 6 913 633 6 518 1483 1223 48 420 1656 344 377 1483 724 689 420 111 242 894 633 139
1000167.jpg 562 48 2224 372 248 724 48
1000168.jpg 86 1817 689 423 577 47 105 724 139 420 774 558 146 372 1223 248 372 372 111
1000169.jpg 73 889 47 562 1532 889 248 19 961 94 689 94 248 118 469
1000170.jpg 248 518 242 1656 76 1483 344 1417 344 81 689 47 991 577 562 2143 6 1951 372 76 248
1000171.jpg 139 1213 420 1656 2224 780 724 724 695 652 22 894 780 633 780 1213 47
1000172.jpg 106 889 555 423 118 780 205 48 555 73 577 81
1000173.jpg 913 575 2224 1483 377 1656 1701 724 1532 1033 577 48 695 94 86 47 242 73 562 270
1000174.jpg 558 106 894 518 1417
1000175.jpg 780 991 633 139 420 106 48 22 118 652 894 695 724 107 555 105 456 724 48 633 344
1000176.jpg 344 48 372 372 48 344
1000177.jpg 558 270 1483 867 450 19 6 555 81 270 47 577
1000178.jpg 1417 652 421 105 81 81 111 47 46 558 48 1213 139
1000179.jpg 469 1951 1223 19 961 633 106 689 518 780 562 205
1000180.jpg 47 48 94 47 469 1417 423 107 111 1656 1033 689 105 270 6 894 558 894 248 107 555 22 518 242 94
1000181.jpg 139 46 774 633 562 106 724 270 1033
1000182.jpg 47 242 139 991 372 94
1000183.jpg 450 1951 689 575 850 575 423
1000184.jpg 1817 724 94 205 81 577 894 423 1532 2224 1033 774 774 146 19 695
1000185.jpg 1033 270 1701 47 469 94 105 344 1951 889 850 469 633 724 518 555 106 652 76 2224 555 689 372
1000186.jpg 377 913 118
1000187.jpg 518 146 469 780 469 1483 1213 1213 86 889 450 867 469 118 1817 1033 913 146 118 377
1000188.jpg 106 1656 724
1000189.jpg 889 94 107
1000190.jpg 652 456 205 86 894 652 469 94 1951 1656 111 106 344 1417 850 86 48 469 562 146 456 724 377 1701 423
1000191.jpg 94 111 242
1000192.jpg 139 105 774 889 1656 889 518 46 894 1213 1213 47 377 913 633 562 372 961 1223 1223 724 562 377 81 1213
1000193.jpg 2224 894 850 1656 1213 562 248 652 1417 372 47 248 377 1213 913 1817
1000194.jpg 867 48 19 1033 86 377
1000195.jpg 558 47 450 558 420 2143 205 469 555 889 106 961 139 105 518 1951 146 118 1951 469
1000196.jpg 518 1417 47 469 633 558 423 81 1817 1033 1033 81 47 780 81 81 774
1000197.jpg 1223 850 555 73 111 456 248 1656 86 913 107 146 652 913 555 1483 558 1417 205 575 22
1000198.jpg 689 344 894 1951 1213 423 423 242 991 867 867 889 86 1951 2224 86 1532 555 270 991 724 774 575 780
1000199.jpg 1483 421 558 961 139 577 2224 780 2224 22 118 242 242 48 248 111 652 575 450
